task,worker,label
2-109,AI_max_0,2
1-475,AI_max_0,1
4-359,AI_max_0,4
4-9,AI_max_0,4
2-482,AI_max_0,2
3-312,AI_max_0,3
0-273,AI_max_0,2
4-372,AI_max_0,4
3-484,AI_max_0,3
0-322,AI_max_0,2
4-451,AI_max_0,4
3-398,AI_max_0,3
4-398,AI_max_0,4
3-268,AI_max_0,3
2-353,AI_max_0,2
0-122,AI_max_0,2
1-399,AI_max_0,1
1-62,AI_max_0,1
2-271,AI_max_0,2
2-425,AI_max_0,2
1-149,AI_max_0,1
0-189,AI_max_0,2
3-171,AI_max_0,3
2-39,AI_max_0,2
0-130,AI_max_0,2
4-142,AI_max_0,4
4-475,AI_max_0,4
4-85,AI_max_0,4
3-331,AI_max_0,3
0-419,AI_max_0,2
3-15,AI_max_0,3
0-335,AI_max_0,2
3-410,AI_max_0,3
1-499,AI_max_0,1
1-175,AI_max_0,1
3-454,AI_max_0,3
3-307,AI_max_0,3
2-448,AI_max_0,2
0-115,AI_max_0,2
2-394,AI_max_0,2
3-32,AI_max_0,3
2-407,AI_max_0,2
1-392,AI_max_0,1
1-317,AI_max_0,1
1-130,AI_max_0,1
0-340,AI_max_0,2
3-345,AI_max_0,3
3-252,AI_max_0,3
0-255,AI_max_0,2
2-21,AI_max_0,2
0-79,AI_max_0,2
1-44,AI_max_0,1
3-474,AI_max_0,3
3-28,AI_max_0,3
0-357,AI_max_0,2
3-16,AI_max_0,3
3-236,AI_max_0,3
3-419,AI_max_0,3
4-426,AI_max_0,4
0-71,AI_max_0,2
1-413,AI_max_0,1
0-136,AI_max_0,2
4-228,AI_max_0,4
2-54,AI_max_0,2
4-66,AI_max_0,4
2-224,AI_max_0,2
1-494,AI_max_0,1
0-293,AI_max_0,2
1-151,AI_max_0,1
3-325,AI_max_0,3
3-355,AI_max_0,3
1-487,AI_max_0,1
3-425,AI_max_0,3
1-254,AI_max_0,1
4-230,AI_max_0,4
2-144,AI_max_0,2
4-45,AI_max_0,4
2-346,AI_max_0,2
0-466,AI_max_0,2
4-369,AI_max_0,4
1-323,AI_max_0,1
3-72,AI_max_0,3
0-209,AI_max_0,2
0-83,AI_max_0,2
4-338,AI_max_0,4
4-183,AI_max_0,4
0-336,AI_max_0,2
3-302,AI_max_0,3
1-201,AI_max_0,1
0-471,AI_max_0,2
3-197,AI_max_0,3
1-348,AI_max_0,1
4-329,AI_max_0,4
4-240,AI_max_0,4
4-111,AI_max_0,4
1-104,AI_max_0,1
1-341,AI_max_0,1
1-101,AI_max_0,1
2-470,AI_max_0,2
2-435,AI_max_0,2
3-101,AI_max_0,3
3-391,AI_max_0,3
0-334,AI_max_0,2
2-22,AI_max_0,2
1-331,AI_max_0,1
3-344,AI_max_0,3
4-387,AI_max_0,4
2-10,AI_max_0,2
0-270,AI_max_0,2
1-462,AI_max_0,1
2-291,AI_max_0,2
0-341,AI_max_0,2
3-248,AI_max_0,3
2-411,AI_max_0,2
3-418,AI_max_0,3
2-240,AI_max_0,2
1-286,AI_max_0,1
0-292,AI_max_0,2
1-482,AI_max_0,1
1-326,AI_max_0,1
2-293,AI_max_0,2
0-246,AI_max_0,2
4-108,AI_max_0,4
4-71,AI_max_0,4
0-406,AI_max_0,2
0-3,AI_max_0,2
3-300,AI_max_0,3
0-420,AI_max_0,2
3-455,AI_max_0,3
4-399,AI_max_0,4
4-5,AI_max_0,4
0-157,AI_max_0,2
3-313,AI_max_0,3
3-411,AI_max_0,3
0-232,AI_max_0,2
3-105,AI_max_0,3
1-337,AI_max_0,1
0-323,AI_max_0,2
2-170,AI_max_0,2
3-462,AI_max_0,3
0-44,AI_max_0,2
4-117,AI_max_0,4
4-497,AI_max_0,4
2-148,AI_max_0,2
3-327,AI_max_0,3
2-445,AI_max_0,2
0-326,AI_max_0,2
3-246,AI_max_0,3
4-499,AI_max_0,4
1-345,AI_max_0,1
0-18,AI_max_0,2
1-134,AI_max_0,1
1-203,AI_max_0,1
0-318,AI_max_0,2
0-160,AI_max_0,2
1-75,AI_max_0,1
1-281,AI_max_0,1
2-479,AI_max_0,2
3-347,AI_max_0,3
1-357,AI_max_0,1
2-32,AI_max_0,2
0-6,AI_max_0,2
1-110,AI_max_0,1
3-407,AI_max_0,3
1-188,AI_max_0,1
3-54,AI_max_0,3
2-420,AI_max_0,2
0-484,AI_max_0,2
4-300,AI_max_0,4
3-95,AI_max_0,3
2-46,AI_max_0,2
0-210,AI_max_0,2
4-25,AI_max_0,4
3-110,AI_max_0,3
2-221,AI_max_0,2
3-144,AI_max_0,3
4-55,AI_max_0,4
0-230,AI_max_0,2
0-478,AI_max_0,2
1-420,AI_max_0,1
4-212,AI_max_0,4
2-35,AI_max_0,2
1-106,AI_max_0,1
4-328,AI_max_0,4
2-447,AI_max_0,2
0-394,AI_max_0,2
4-93,AI_max_0,4
3-82,AI_max_0,3
0-110,AI_max_0,2
4-342,AI_max_0,4
3-27,AI_max_0,3
4-80,AI_max_0,4
3-25,AI_max_0,3
4-321,AI_max_0,4
4-77,AI_max_0,4
4-350,AI_max_0,4
4-92,AI_max_0,4
0-205,AI_max_0,2
2-89,AI_max_0,2
2-36,AI_max_0,2
1-81,AI_max_0,1
1-274,AI_max_0,1
0-25,AI_max_0,2
0-196,AI_max_0,2
0-331,AI_max_0,2
4-373,AI_max_0,4
3-421,AI_max_0,3
2-492,AI_max_0,2
3-178,AI_max_0,3
4-421,AI_max_0,4
4-323,AI_max_0,4
0-111,AI_max_0,2
4-31,AI_max_0,4
1-59,AI_max_0,1
3-162,AI_max_0,3
2-27,AI_max_0,2
2-401,AI_max_0,2
2-404,AI_max_0,2
2-69,AI_max_0,2
2-290,AI_max_0,2
0-162,AI_max_0,2
1-451,AI_max_0,1
2-244,AI_max_0,2
2-381,AI_max_0,2
1-173,AI_max_0,1
2-30,AI_max_0,2
4-38,AI_max_0,4
1-153,AI_max_0,1
3-304,AI_max_0,3
1-68,AI_max_0,1
1-271,AI_max_0,1
4-304,AI_max_0,4
4-192,AI_max_0,4
3-452,AI_max_0,3
1-388,AI_max_0,1
3-333,AI_max_0,3
4-223,AI_max_0,4
1-124,AI_max_0,1
4-191,AI_max_0,4
2-197,AI_max_0,2
1-63,AI_max_0,1
3-199,AI_max_0,3
4-44,AI_max_0,4
3-53,AI_max_0,3
0-204,AI_max_0,2
2-14,AI_max_0,2
3-211,AI_max_0,3
4-488,AI_max_0,4
2-310,AI_max_0,2
4-365,AI_max_0,4
3-222,AI_max_0,3
3-232,AI_max_0,3
2-84,AI_max_0,2
4-209,AI_max_0,4
2-373,AI_max_0,2
0-0,AI_max_0,2
2-396,AI_max_0,2
3-342,AI_max_0,3
2-442,AI_max_0,2
0-404,AI_max_0,2
2-327,AI_max_0,2
2-81,AI_max_0,2
0-432,AI_max_0,2
0-462,AI_max_0,2
4-242,AI_max_0,4
4-7,AI_max_0,4
1-197,AI_max_0,1
4-81,AI_max_0,4
3-10,AI_max_0,3
1-156,AI_max_0,1
2-345,AI_max_0,2
1-165,AI_max_0,1
2-227,AI_max_0,2
1-301,AI_max_0,1
2-475,AI_max_0,2
3-485,AI_max_0,3
0-499,AI_max_0,2
0-351,AI_max_0,2
1-309,AI_max_0,1
3-351,AI_max_0,3
1-171,AI_max_0,1
1-0,AI_max_0,1
3-93,AI_max_0,3
1-441,AI_max_0,1
2-324,AI_max_0,2
3-283,AI_max_0,3
4-114,AI_max_0,4
0-354,AI_max_0,2
1-43,AI_max_0,1
1-169,AI_max_0,1
0-182,AI_max_0,2
3-237,AI_max_0,3
2-440,AI_max_0,2
3-29,AI_max_0,3
3-464,AI_max_0,3
0-401,AI_max_0,2
3-121,AI_max_0,3
1-86,AI_max_0,1
2-106,AI_max_0,2
2-263,AI_max_0,2
3-335,AI_max_0,3
1-347,AI_max_0,1
2-489,AI_max_0,2
1-163,AI_max_0,1
1-305,AI_max_0,1
4-127,AI_max_0,4
2-252,AI_max_0,2
3-329,AI_max_0,3
2-230,AI_max_0,2
3-125,AI_max_0,3
0-300,AI_max_0,2
2-375,AI_max_0,2
0-338,AI_max_0,2
0-474,AI_max_0,2
3-4,AI_max_0,3
3-8,AI_max_0,3
0-227,AI_max_0,2
4-211,AI_max_0,4
2-452,AI_max_0,2
0-121,AI_max_0,2
1-20,AI_max_0,1
4-88,AI_max_0,4
2-498,AI_max_0,2
0-416,AI_max_0,2
4-76,AI_max_0,4
2-16,AI_max_0,2
4-314,AI_max_0,4
2-395,AI_max_0,2
3-34,AI_max_0,3
3-371,AI_max_0,3
0-72,AI_max_0,2
0-51,AI_max_0,2
0-76,AI_max_0,2
1-107,AI_max_0,1
2-218,AI_max_0,2
1-179,AI_max_0,1
2-231,AI_max_0,2
2-405,AI_max_0,2
0-359,AI_max_0,2
4-296,AI_max_0,4
1-131,AI_max_0,1
4-274,AI_max_0,4
3-387,AI_max_0,3
1-273,AI_max_0,1
2-254,AI_max_0,2
3-449,AI_max_0,3
0-231,AI_max_0,2
2-374,AI_max_0,2
1-138,AI_max_0,1
0-163,AI_max_0,2
0-260,AI_max_0,2
3-205,AI_max_0,3
3-213,AI_max_0,3
1-302,AI_max_0,1
3-182,AI_max_0,3
2-64,AI_max_0,2
1-490,AI_max_0,1
2-438,AI_max_0,2
3-19,AI_max_0,3
1-80,AI_max_0,1
0-106,AI_max_0,2
4-441,AI_max_0,4
2-359,AI_max_0,2
4-340,AI_max_0,4
4-380,AI_max_0,4
1-194,AI_max_0,1
1-228,AI_max_0,1
1-297,AI_max_0,1
2-97,AI_max_0,2
1-258,AI_max_0,1
4-428,AI_max_0,4
3-422,AI_max_0,3
4-57,AI_max_0,4
3-376,AI_max_0,3
0-303,AI_max_0,2
2-149,AI_max_0,2
0-242,AI_max_0,2
1-418,AI_max_0,1
3-298,AI_max_0,3
4-147,AI_max_0,4
4-463,AI_max_0,4
4-332,AI_max_0,4
3-282,AI_max_0,3
3-103,AI_max_0,3
2-229,AI_max_0,2
0-309,AI_max_0,2
0-295,AI_max_0,2
3-420,AI_max_0,3
2-268,AI_max_0,2
3-151,AI_max_0,3
0-408,AI_max_0,2
4-457,AI_max_0,4
4-227,AI_max_0,4
3-489,AI_max_0,3
3-50,AI_max_0,3
4-243,AI_max_0,4
0-156,AI_max_0,2
1-147,AI_max_0,1
2-307,AI_max_0,2
2-98,AI_max_0,2
1-382,AI_max_0,1
4-83,AI_max_0,4
0-378,AI_max_0,2
1-216,AI_max_0,1
1-94,AI_max_0,1
0-283,AI_max_0,2
4-388,AI_max_0,4
2-96,AI_max_0,2
1-140,AI_max_0,1
2-279,AI_max_0,2
0-155,AI_max_0,2
0-350,AI_max_0,2
2-431,AI_max_0,2
4-261,AI_max_0,4
4-367,AI_max_0,4
2-402,AI_max_0,2
3-78,AI_max_0,3
4-3,AI_max_0,4
1-144,AI_max_0,1
4-381,AI_max_0,4
2-209,AI_max_0,2
3-195,AI_max_0,3
3-123,AI_max_0,3
3-131,AI_max_0,3
2-380,AI_max_0,2
1-89,AI_max_0,1
1-36,AI_max_0,1
4-97,AI_max_0,4
3-267,AI_max_0,3
3-289,AI_max_0,3
1-390,AI_max_0,1
3-486,AI_max_0,3
3-245,AI_max_0,3
1-411,AI_max_0,1
0-412,AI_max_0,2
3-140,AI_max_0,3
4-290,AI_max_0,4
0-181,AI_max_0,2
4-366,AI_max_0,4
2-3,AI_max_0,2
0-456,AI_max_0,2
4-435,AI_max_0,4
1-313,AI_max_0,1
4-225,AI_max_0,4
0-238,AI_max_0,2
3-116,AI_max_0,3
1-141,AI_max_0,1
0-383,AI_max_0,2
4-128,AI_max_0,4
2-497,AI_max_0,2
3-292,AI_max_0,3
3-188,AI_max_0,3
3-308,AI_max_0,3
3-377,AI_max_0,3
3-448,AI_max_0,3
3-61,AI_max_0,3
2-485,AI_max_0,2
0-77,AI_max_0,2
1-267,AI_max_0,1
2-55,AI_max_0,2
0-2,AI_max_0,2
2-103,AI_max_0,2
4-487,AI_max_0,4
4-65,AI_max_0,4
2-351,AI_max_0,2
3-212,AI_max_0,3
2-457,AI_max_0,2
2-189,AI_max_0,2
0-370,AI_max_0,2
3-372,AI_max_0,3
2-1,AI_max_0,2
4-298,AI_max_0,4
4-302,AI_max_0,4
1-84,AI_max_0,1
3-150,AI_max_0,3
2-274,AI_max_0,2
0-109,AI_max_0,2
4-204,AI_max_0,4
1-53,AI_max_0,1
2-262,AI_max_0,2
4-466,AI_max_0,4
4-383,AI_max_0,4
1-289,AI_max_0,1
4-207,AI_max_0,4
1-82,AI_max_0,1
3-472,AI_max_0,3
2-111,AI_max_0,2
0-137,AI_max_0,2
1-170,AI_max_0,1
2-207,AI_max_0,2
2-398,AI_max_0,2
0-234,AI_max_0,2
4-90,AI_max_0,4
1-85,AI_max_0,1
2-484,AI_max_0,2
3-260,AI_max_0,3
1-160,AI_max_0,1
0-193,AI_max_0,2
1-261,AI_max_0,1
1-332,AI_max_0,1
4-292,AI_max_0,4
0-476,AI_max_0,2
0-467,AI_max_0,2
0-61,AI_max_0,2
2-48,AI_max_0,2
1-270,AI_max_0,1
0-389,AI_max_0,2
1-90,AI_max_0,1
0-480,AI_max_0,2
3-328,AI_max_0,3
2-143,AI_max_0,2
2-49,AI_max_0,2
1-264,AI_max_0,1
1-338,AI_max_0,1
3-402,AI_max_0,3
3-270,AI_max_0,3
0-385,AI_max_0,2
0-221,AI_max_0,2
1-335,AI_max_0,1
3-9,AI_max_0,3
1-428,AI_max_0,1
0-56,AI_max_0,2
3-241,AI_max_0,3
0-259,AI_max_0,2
2-256,AI_max_0,2
0-66,AI_max_0,2
1-449,AI_max_0,1
2-232,AI_max_0,2
0-453,AI_max_0,2
0-12,AI_max_0,2
3-104,AI_max_0,3
3-109,AI_max_0,3
3-64,AI_max_0,3
4-259,AI_max_0,4
0-65,AI_max_0,2
3-186,AI_max_0,3
1-455,AI_max_0,1
3-467,AI_max_0,3
1-378,AI_max_0,1
3-80,AI_max_0,3
3-443,AI_max_0,3
1-78,AI_max_0,1
4-238,AI_max_0,4
1-158,AI_max_0,1
1-69,AI_max_0,1
2-336,AI_max_0,2
3-356,AI_max_0,3
1-448,AI_max_0,1
2-133,AI_max_0,2
2-361,AI_max_0,2
4-284,AI_max_0,4
0-390,AI_max_0,2
3-69,AI_max_0,3
1-469,AI_max_0,1
4-269,AI_max_0,4
0-86,AI_max_0,2
0-166,AI_max_0,2
1-427,AI_max_0,1
4-281,AI_max_0,4
3-208,AI_max_0,3
2-488,AI_max_0,2
2-341,AI_max_0,2
4-347,AI_max_0,4
1-93,AI_max_0,1
0-349,AI_max_0,2
4-251,AI_max_0,4
2-120,AI_max_0,2
0-465,AI_max_0,2
1-424,AI_max_0,1
4-341,AI_max_0,4
3-137,AI_max_0,3
4-453,AI_max_0,4
2-446,AI_max_0,2
3-353,AI_max_0,3
3-70,AI_max_0,3
0-63,AI_max_0,2
4-458,AI_max_0,4
0-202,AI_max_0,2
2-33,AI_max_0,2
2-459,AI_max_0,2
4-395,AI_max_0,4
0-245,AI_max_0,2
2-193,AI_max_0,2
0-235,AI_max_0,2
4-444,AI_max_0,4
4-24,AI_max_0,4
4-34,AI_max_0,4
3-395,AI_max_0,3
4-178,AI_max_0,4
3-490,AI_max_0,3
2-414,AI_max_0,2
2-294,AI_max_0,2
3-281,AI_max_0,3
2-25,AI_max_0,2
1-477,AI_max_0,1
3-20,AI_max_0,3
0-118,AI_max_0,2
0-8,AI_max_0,2
0-491,AI_max_0,2
3-126,AI_max_0,3
4-164,AI_max_0,4
4-355,AI_max_0,4
0-10,AI_max_0,2
2-387,AI_max_0,2
2-344,AI_max_0,2
4-335,AI_max_0,4
1-463,AI_max_0,1
1-60,AI_max_0,1
3-259,AI_max_0,3
0-26,AI_max_0,2
2-151,AI_max_0,2
4-15,AI_max_0,4
2-284,AI_max_0,2
0-373,AI_max_0,2
0-82,AI_max_0,2
1-28,AI_max_0,1
0-93,AI_max_0,2
0-464,AI_max_0,2
0-9,AI_max_0,2
0-112,AI_max_0,2
4-331,AI_max_0,4
4-459,AI_max_0,4
3-393,AI_max_0,3
1-492,AI_max_0,1
4-415,AI_max_0,4
4-455,AI_max_0,4
4-325,AI_max_0,4
2-57,AI_max_0,2
3-412,AI_max_0,3
4-215,AI_max_0,4
0-446,AI_max_0,2
0-171,AI_max_0,2
1-279,AI_max_0,1
1-442,AI_max_0,1
3-481,AI_max_0,3
3-203,AI_max_0,3
3-363,AI_max_0,3
3-135,AI_max_0,3
3-228,AI_max_0,3
0-116,AI_max_0,2
2-472,AI_max_0,2
1-303,AI_max_0,1
2-53,AI_max_0,2
4-107,AI_max_0,4
3-122,AI_max_0,3
0-141,AI_max_0,2
3-94,AI_max_0,3
1-123,AI_max_0,1
3-299,AI_max_0,3
3-432,AI_max_0,3
2-188,AI_max_0,2
2-198,AI_max_0,2
2-29,AI_max_0,2
0-252,AI_max_0,2
0-125,AI_max_0,2
2-323,AI_max_0,2
1-213,AI_max_0,1
3-272,AI_max_0,3
0-133,AI_max_0,2
3-202,AI_max_0,3
1-48,AI_max_0,1
0-339,AI_max_0,2
0-470,AI_max_0,2
3-58,AI_max_0,3
1-73,AI_max_0,1
2-0,AI_max_0,2
3-253,AI_max_0,3
1-450,AI_max_0,1
1-398,AI_max_0,1
1-52,AI_max_0,1
0-410,AI_max_0,2
4-165,AI_max_0,4
3-99,AI_max_0,3
4-232,AI_max_0,4
0-308,AI_max_0,2
0-316,AI_max_0,2
1-56,AI_max_0,1
4-247,AI_max_0,4
2-76,AI_max_0,2
4-216,AI_max_0,4
1-366,AI_max_0,1
2-195,AI_max_0,2
2-397,AI_max_0,2
2-40,AI_max_0,2
1-336,AI_max_0,1
0-40,AI_max_0,2
4-348,AI_max_0,4
4-295,AI_max_0,4
2-43,AI_max_0,2
2-114,AI_max_0,2
0-333,AI_max_0,2
1-243,AI_max_0,1
4-393,AI_max_0,4
3-238,AI_max_0,3
0-146,AI_max_0,2
0-138,AI_max_0,2
1-349,AI_max_0,1
2-287,AI_max_0,2
3-274,AI_max_0,3
1-99,AI_max_0,1
2-426,AI_max_0,2
4-163,AI_max_0,4
4-483,AI_max_0,4
0-113,AI_max_0,2
1-355,AI_max_0,1
2-365,AI_max_0,2
3-439,AI_max_0,3
0-287,AI_max_0,2
2-186,AI_max_0,2
4-187,AI_max_0,4
4-313,AI_max_0,4
2-9,AI_max_0,2
0-399,AI_max_0,2
4-23,AI_max_0,4
0-108,AI_max_0,2
0-433,AI_max_0,2
4-419,AI_max_0,4
0-84,AI_max_0,2
0-368,AI_max_0,2
2-45,AI_max_0,2
4-486,AI_max_0,4
3-196,AI_max_0,3
3-334,AI_max_0,3
1-394,AI_max_0,1
2-187,AI_max_0,2
1-471,AI_max_0,1
3-499,AI_max_0,3
4-496,AI_max_0,4
2-137,AI_max_0,2
0-358,AI_max_0,2
3-491,AI_max_0,3
2-168,AI_max_0,2
1-211,AI_max_0,1
4-184,AI_max_0,4
0-380,AI_max_0,2
0-438,AI_max_0,2
2-249,AI_max_0,2
0-97,AI_max_0,2
2-38,AI_max_0,2
1-256,AI_max_0,1
1-430,AI_max_0,1
4-239,AI_max_0,4
0-413,AI_max_0,2
0-90,AI_max_0,2
4-36,AI_max_0,4
0-80,AI_max_0,2
3-169,AI_max_0,3
2-450,AI_max_0,2
4-356,AI_max_0,4
2-23,AI_max_0,2
3-385,AI_max_0,3
4-169,AI_max_0,4
1-242,AI_max_0,1
3-493,AI_max_0,3
2-444,AI_max_0,2
4-200,AI_max_0,4
0-396,AI_max_0,2
2-360,AI_max_0,2
3-23,AI_max_0,3
2-20,AI_max_0,2
4-430,AI_max_0,4
0-53,AI_max_0,2
1-102,AI_max_0,1
0-261,AI_max_0,2
3-83,AI_max_0,3
4-4,AI_max_0,4
2-386,AI_max_0,2
0-460,AI_max_0,2
1-12,AI_max_0,1
4-357,AI_max_0,4
0-132,AI_max_0,2
2-264,AI_max_0,2
3-184,AI_max_0,3
4-37,AI_max_0,4
3-306,AI_max_0,3
1-385,AI_max_0,1
0-201,AI_max_0,2
0-214,AI_max_0,2
0-33,AI_max_0,2
3-370,AI_max_0,3
4-78,AI_max_0,4
2-415,AI_max_0,2
3-405,AI_max_0,3
0-315,AI_max_0,2
3-415,AI_max_0,3
2-421,AI_max_0,2
3-434,AI_max_0,3
0-494,AI_max_0,2
2-313,AI_max_0,2
0-124,AI_max_0,2
3-3,AI_max_0,3
4-235,AI_max_0,4
4-6,AI_max_0,4
4-43,AI_max_0,4
4-494,AI_max_0,4
1-210,AI_max_0,1
2-417,AI_max_0,2
4-249,AI_max_0,4
2-192,AI_max_0,2
3-374,AI_max_0,3
0-369,AI_max_0,2
4-161,AI_max_0,4
0-47,AI_max_0,2
3-310,AI_max_0,3
1-10,AI_max_0,1
4-270,AI_max_0,4
0-147,AI_max_0,2
4-233,AI_max_0,4
4-221,AI_max_0,4
3-106,AI_max_0,3
3-295,AI_max_0,3
4-166,AI_max_0,4
1-417,AI_max_0,1
4-214,AI_max_0,4
3-390,AI_max_0,3
0-14,AI_max_0,2
2-370,AI_max_0,2
4-143,AI_max_0,4
4-397,AI_max_0,4
1-127,AI_max_0,1
2-118,AI_max_0,2
4-434,AI_max_0,4
0-312,AI_max_0,2
3-146,AI_max_0,3
1-241,AI_max_0,1
2-328,AI_max_0,2
3-326,AI_max_0,3
3-14,AI_max_0,3
2-225,AI_max_0,2
1-277,AI_max_0,1
3-290,AI_max_0,3
2-183,AI_max_0,2
3-403,AI_max_0,3
2-368,AI_max_0,2
4-379,AI_max_0,4
1-116,AI_max_0,1
3-477,AI_max_0,3
4-56,AI_max_0,4
1-227,AI_max_0,1
4-375,AI_max_0,4
3-428,AI_max_0,3
0-87,AI_max_0,2
4-139,AI_max_0,4
4-173,AI_max_0,4
4-112,AI_max_0,4
0-180,AI_max_0,2
3-367,AI_max_0,3
2-206,AI_max_0,2
3-280,AI_max_0,3
2-26,AI_max_0,2
1-232,AI_max_0,1
0-392,AI_max_0,2
3-226,AI_max_0,3
4-370,AI_max_0,4
3-383,AI_max_0,3
3-45,AI_max_0,3
1-480,AI_max_0,1
4-156,AI_max_0,4
1-177,AI_max_0,1
2-272,AI_max_0,2
0-488,AI_max_0,2
3-424,AI_max_0,3
4-437,AI_max_0,4
4-470,AI_max_0,4
1-437,AI_max_0,1
2-458,AI_max_0,2
1-470,AI_max_0,1
1-255,AI_max_0,1
0-492,AI_max_0,2
0-95,AI_max_0,2
1-7,AI_max_0,1
4-479,AI_max_0,4
2-465,AI_max_0,2
0-168,AI_max_0,2
3-200,AI_max_0,3
1-192,AI_max_0,1
3-338,AI_max_0,3
0-237,AI_max_0,2
4-46,AI_max_0,4
0-381,AI_max_0,2
2-146,AI_max_0,2
3-444,AI_max_0,3
1-72,AI_max_0,1
3-460,AI_max_0,3
2-181,AI_max_0,2
1-333,AI_max_0,1
0-483,AI_max_0,2
4-8,AI_max_0,4
4-145,AI_max_0,4
3-442,AI_max_0,3
1-119,AI_max_0,1
4-72,AI_max_0,4
0-92,AI_max_0,2
3-181,AI_max_0,3
1-19,AI_max_0,1
3-431,AI_max_0,3
4-472,AI_max_0,4
2-128,AI_max_0,2
3-324,AI_max_0,3
0-418,AI_max_0,2
1-172,AI_max_0,1
1-369,AI_max_0,1
2-166,AI_max_0,2
1-166,AI_max_0,1
2-79,AI_max_0,2
0-161,AI_max_0,2
0-498,AI_max_0,2
1-412,AI_max_0,1
4-371,AI_max_0,4
1-362,AI_max_0,1
2-77,AI_max_0,2
0-477,AI_max_0,2
0-264,AI_max_0,2
4-82,AI_max_0,4
2-257,AI_max_0,2
4-196,AI_max_0,4
2-5,AI_max_0,2
3-96,AI_max_0,3
3-470,AI_max_0,3
4-154,AI_max_0,4
0-107,AI_max_0,2
2-449,AI_max_0,2
2-409,AI_max_0,2
0-409,AI_max_0,2
1-439,AI_max_0,1
1-240,AI_max_0,1
2-163,AI_max_0,2
4-208,AI_max_0,4
1-375,AI_max_0,1
3-423,AI_max_0,3
4-41,AI_max_0,4
2-17,AI_max_0,2
4-363,AI_max_0,4
2-342,AI_max_0,2
3-445,AI_max_0,3
2-466,AI_max_0,2
4-188,AI_max_0,4
2-483,AI_max_0,2
0-41,AI_max_0,2
2-58,AI_max_0,2
0-102,AI_max_0,2
4-427,AI_max_0,4
4-481,AI_max_0,4
0-277,AI_max_0,2
3-482,AI_max_0,3
0-172,AI_max_0,2
4-245,AI_max_0,4
2-289,AI_max_0,2
2-101,AI_max_0,2
2-278,AI_max_0,2
0-306,AI_max_0,2
0-353,AI_max_0,2
0-301,AI_max_0,2
4-263,AI_max_0,4
0-206,AI_max_0,2
0-257,AI_max_0,2
3-155,AI_max_0,3
0-485,AI_max_0,2
1-200,AI_max_0,1
0-281,AI_max_0,2
2-391,AI_max_0,2
4-448,AI_max_0,4
3-198,AI_max_0,3
0-479,AI_max_0,2
2-427,AI_max_0,2
0-54,AI_max_0,2
4-491,AI_max_0,4
4-299,AI_max_0,4
1-125,AI_max_0,1
3-278,AI_max_0,3
0-126,AI_max_0,2
2-92,AI_max_0,2
1-292,AI_max_0,1
3-315,AI_max_0,3
0-490,AI_max_0,2
4-19,AI_max_0,4
0-313,AI_max_0,2
3-31,AI_max_0,3
0-114,AI_max_0,2
2-127,AI_max_0,2
4-116,AI_max_0,4
1-429,AI_max_0,1
1-183,AI_max_0,1
0-218,AI_max_0,2
0-429,AI_max_0,2
2-52,AI_max_0,2
3-12,AI_max_0,3
4-199,AI_max_0,4
3-492,AI_max_0,3
2-122,AI_max_0,2
3-185,AI_max_0,3
1-249,AI_max_0,1
0-240,AI_max_0,2
0-495,AI_max_0,2
1-88,AI_max_0,1
0-372,AI_max_0,2
3-75,AI_max_0,3
3-476,AI_max_0,3
0-457,AI_max_0,2
4-26,AI_max_0,4
4-291,AI_max_0,4
4-28,AI_max_0,4
2-238,AI_max_0,2
0-325,AI_max_0,2
3-369,AI_max_0,3
2-107,AI_max_0,2
3-469,AI_max_0,3
0-24,AI_max_0,2
3-35,AI_max_0,3
4-288,AI_max_0,4
3-191,AI_max_0,3
2-125,AI_max_0,2
4-456,AI_max_0,4
1-50,AI_max_0,1
4-478,AI_max_0,4
3-217,AI_max_0,3
2-215,AI_max_0,2
1-184,AI_max_0,1
1-202,AI_max_0,1
0-91,AI_max_0,2
0-249,AI_max_0,2
1-66,AI_max_0,1
3-115,AI_max_0,3
0-236,AI_max_0,2
1-4,AI_max_0,1
2-255,AI_max_0,2
2-124,AI_max_0,2
2-210,AI_max_0,2
0-320,AI_max_0,2
3-163,AI_max_0,3
1-376,AI_max_0,1
4-132,AI_max_0,4
0-228,AI_max_0,2
1-410,AI_max_0,1
3-113,AI_max_0,3
0-29,AI_max_0,2
2-347,AI_max_0,2
2-331,AI_max_0,2
3-296,AI_max_0,3
2-265,AI_max_0,2
2-56,AI_max_0,2
4-61,AI_max_0,4
3-139,AI_max_0,3
2-486,AI_max_0,2
3-404,AI_max_0,3
1-223,AI_max_0,1
2-493,AI_max_0,2
0-430,AI_max_0,2
0-486,AI_max_0,2
3-359,AI_max_0,3
4-222,AI_max_0,4
2-239,AI_max_0,2
0-402,AI_max_0,2
1-426,AI_max_0,1
2-363,AI_max_0,2
3-362,AI_max_0,3
4-33,AI_max_0,4
0-375,AI_max_0,2
0-291,AI_max_0,2
4-201,AI_max_0,4
4-386,AI_max_0,4
0-489,AI_max_0,2
4-253,AI_max_0,4
2-62,AI_max_0,2
2-185,AI_max_0,2
1-459,AI_max_0,1
3-100,AI_max_0,3
1-287,AI_max_0,1
0-117,AI_max_0,2
0-376,AI_max_0,2
0-254,AI_max_0,2
1-195,AI_max_0,1
4-391,AI_max_0,4
1-435,AI_max_0,1
1-280,AI_max_0,1
2-392,AI_max_0,2
0-436,AI_max_0,2
0-173,AI_max_0,2
0-337,AI_max_0,2
0-266,AI_max_0,2
4-42,AI_max_0,4
3-165,AI_max_0,3
0-384,AI_max_0,2
1-456,AI_max_0,1
0-414,AI_max_0,2
2-37,AI_max_0,2
0-449,AI_max_0,2
0-426,AI_max_0,2
1-71,AI_max_0,1
2-132,AI_max_0,2
3-440,AI_max_0,3
0-434,AI_max_0,2
4-186,AI_max_0,4
4-60,AI_max_0,4
4-349,AI_max_0,4
4-21,AI_max_0,4
0-269,AI_max_0,2
2-135,AI_max_0,2
4-134,AI_max_0,4
4-110,AI_max_0,4
2-105,AI_max_0,2
4-102,AI_max_0,4
2-235,AI_max_0,2
2-78,AI_max_0,2
2-312,AI_max_0,2
0-215,AI_max_0,2
4-287,AI_max_0,4
2-460,AI_max_0,2
0-23,AI_max_0,2
4-334,AI_max_0,4
4-149,AI_max_0,4
2-165,AI_max_0,2
0-16,AI_max_0,2
0-345,AI_max_0,2
2-305,AI_max_0,2
3-41,AI_max_0,3
0-192,AI_max_0,2
2-362,AI_max_0,2
4-408,AI_max_0,4
1-42,AI_max_0,1
3-366,AI_max_0,3
2-12,AI_max_0,2
1-225,AI_max_0,1
3-168,AI_max_0,3
4-345,AI_max_0,4
0-68,AI_max_0,2
3-13,AI_max_0,3
4-94,AI_max_0,4
3-373,AI_max_0,3
2-369,AI_max_0,2
0-321,AI_max_0,2
0-397,AI_max_0,2
1-118,AI_max_0,1
0-327,AI_max_0,2
4-255,AI_max_0,4
2-85,AI_max_0,2
2-13,AI_max_0,2
2-325,AI_max_0,2
1-486,AI_max_0,1
2-237,AI_max_0,2
2-171,AI_max_0,2
3-478,AI_max_0,3
2-298,AI_max_0,2
2-292,AI_max_0,2
3-218,AI_max_0,3
4-364,AI_max_0,4
1-276,AI_max_0,1
3-479,AI_max_0,3
3-33,AI_max_0,3
1-365,AI_max_0,1
4-354,AI_max_0,4
2-273,AI_max_0,2
0-423,AI_max_0,2
3-257,AI_max_0,3
1-32,AI_max_0,1
4-495,AI_max_0,4
3-262,AI_max_0,3
4-244,AI_max_0,4
2-467,AI_max_0,2
1-137,AI_max_0,1
2-270,AI_max_0,2
4-390,AI_max_0,4
1-231,AI_max_0,1
2-349,AI_max_0,2
1-204,AI_max_0,1
2-280,AI_max_0,2
3-244,AI_max_0,3
0-469,AI_max_0,2
1-128,AI_max_0,1
3-255,AI_max_0,3
2-277,AI_max_0,2
0-217,AI_max_0,2
0-377,AI_max_0,2
2-159,AI_max_0,2
2-281,AI_max_0,2
2-366,AI_max_0,2
4-477,AI_max_0,4
1-476,AI_max_0,1
2-174,AI_max_0,2
1-6,AI_max_0,1
1-83,AI_max_0,1
4-433,AI_max_0,4
1-443,AI_max_0,1
2-67,AI_max_0,2
1-467,AI_max_0,1
0-311,AI_max_0,2
3-406,AI_max_0,3
3-447,AI_max_0,3
0-140,AI_max_0,2
4-12,AI_max_0,4
0-288,AI_max_0,2
1-268,AI_max_0,1
3-320,AI_max_0,3
1-176,AI_max_0,1
0-75,AI_max_0,2
1-318,AI_max_0,1
0-17,AI_max_0,2
3-288,AI_max_0,3
3-216,AI_max_0,3
2-463,AI_max_0,2
3-81,AI_max_0,3
2-410,AI_max_0,2
0-361,AI_max_0,2
3-416,AI_max_0,3
1-395,AI_max_0,1
2-382,AI_max_0,2
1-425,AI_max_0,1
4-121,AI_max_0,4
3-215,AI_max_0,3
1-453,AI_max_0,1
4-162,AI_max_0,4
0-417,AI_max_0,2
0-128,AI_max_0,2
1-22,AI_max_0,1
2-481,AI_max_0,2
2-377,AI_max_0,2
1-265,AI_max_0,1
0-274,AI_max_0,2
2-352,AI_max_0,2
3-136,AI_max_0,3
1-114,AI_max_0,1
2-82,AI_max_0,2
4-310,AI_max_0,4
0-32,AI_max_0,2
0-127,AI_max_0,2
1-370,AI_max_0,1
3-55,AI_max_0,3
0-11,AI_max_0,2
2-11,AI_max_0,2
0-96,AI_max_0,2
2-134,AI_max_0,2
4-144,AI_max_0,4
0-304,AI_max_0,2
0-411,AI_max_0,2
2-15,AI_max_0,2
1-474,AI_max_0,1
4-246,AI_max_0,4
3-22,AI_max_0,3
2-266,AI_max_0,2
3-161,AI_max_0,3
3-59,AI_max_0,3
4-361,AI_max_0,4
2-141,AI_max_0,2
0-367,AI_max_0,2
3-297,AI_max_0,3
3-256,AI_max_0,3
0-386,AI_max_0,2
2-91,AI_max_0,2
4-362,AI_max_0,4
3-384,AI_max_0,3
3-210,AI_max_0,3
0-152,AI_max_0,2
1-447,AI_max_0,1
4-267,AI_max_0,4
3-154,AI_max_0,3
2-50,AI_max_0,2
3-323,AI_max_0,3
2-2,AI_max_0,2
3-382,AI_max_0,3
3-124,AI_max_0,3
3-227,AI_max_0,3
0-174,AI_max_0,2
0-57,AI_max_0,2
4-271,AI_max_0,4
1-133,AI_max_0,1
3-40,AI_max_0,3
4-286,AI_max_0,4
1-466,AI_max_0,1
2-8,AI_max_0,2
3-119,AI_max_0,3
2-241,AI_max_0,2
4-106,AI_max_0,4
3-102,AI_max_0,3
2-422,AI_max_0,2
1-180,AI_max_0,1
2-412,AI_max_0,2
2-119,AI_max_0,2
3-30,AI_max_0,3
1-316,AI_max_0,1
3-239,AI_max_0,3
4-18,AI_max_0,4
2-308,AI_max_0,2
1-291,AI_max_0,1
2-142,AI_max_0,2
0-330,AI_max_0,2
3-73,AI_max_0,3
4-306,AI_max_0,4
0-135,AI_max_0,2
2-322,AI_max_0,2
3-457,AI_max_0,3
2-376,AI_max_0,2
4-219,AI_max_0,4
1-145,AI_max_0,1
2-108,AI_max_0,2
3-399,AI_max_0,3
3-145,AI_max_0,3
0-243,AI_max_0,2
2-317,AI_max_0,2
2-24,AI_max_0,2
1-438,AI_max_0,1
1-51,AI_max_0,1
4-407,AI_max_0,4
2-173,AI_max_0,2
0-271,AI_max_0,2
4-301,AI_max_0,4
4-322,AI_max_0,4
3-413,AI_max_0,3
0-139,AI_max_0,2
1-236,AI_max_0,1
4-402,AI_max_0,4
0-371,AI_max_0,2
1-25,AI_max_0,1
2-429,AI_max_0,2
3-494,AI_max_0,3
4-203,AI_max_0,4
3-225,AI_max_0,3
3-84,AI_max_0,3
1-496,AI_max_0,1
2-6,AI_max_0,2
0-186,AI_max_0,2
3-0,AI_max_0,3
2-162,AI_max_0,2
4-58,AI_max_0,4
4-16,AI_max_0,4
4-100,AI_max_0,4
4-440,AI_max_0,4
3-311,AI_max_0,3
4-63,AI_max_0,4
2-260,AI_max_0,2
4-155,AI_max_0,4
2-495,AI_max_0,2
2-71,AI_max_0,2
3-368,AI_max_0,3
2-476,AI_max_0,2
0-461,AI_max_0,2
1-414,AI_max_0,1
4-293,AI_max_0,4
2-164,AI_max_0,2
2-199,AI_max_0,2
4-315,AI_max_0,4
4-307,AI_max_0,4
3-85,AI_max_0,3
4-324,AI_max_0,4
1-233,AI_max_0,1
1-5,AI_max_0,1
1-260,AI_max_0,1
0-46,AI_max_0,2
3-247,AI_max_0,3
1-55,AI_max_0,1
3-316,AI_max_0,3
3-360,AI_max_0,3
0-74,AI_max_0,2
4-303,AI_max_0,4
2-123,AI_max_0,2
1-432,AI_max_0,1
4-86,AI_max_0,4
2-196,AI_max_0,2
1-315,AI_max_0,1
0-400,AI_max_0,2
2-242,AI_max_0,2
0-62,AI_max_0,2
1-24,AI_max_0,1
0-352,AI_max_0,2
2-343,AI_max_0,2
4-49,AI_max_0,4
3-318,AI_max_0,3
4-52,AI_max_0,4
2-399,AI_max_0,2
3-74,AI_max_0,3
4-476,AI_max_0,4
4-317,AI_max_0,4
3-97,AI_max_0,3
1-361,AI_max_0,1
4-285,AI_max_0,4
4-122,AI_max_0,4
1-294,AI_max_0,1
4-171,AI_max_0,4
0-99,AI_max_0,2
1-234,AI_max_0,1
1-23,AI_max_0,1
3-71,AI_max_0,3
2-487,AI_max_0,2
0-229,AI_max_0,2
3-219,AI_max_0,3
3-321,AI_max_0,3
1-17,AI_max_0,1
4-272,AI_max_0,4
2-269,AI_max_0,2
1-186,AI_max_0,1
2-117,AI_max_0,2
0-258,AI_max_0,2
1-434,AI_max_0,1
1-344,AI_max_0,1
3-172,AI_max_0,3
2-339,AI_max_0,2
4-252,AI_max_0,4
2-86,AI_max_0,2
1-461,AI_max_0,1
3-361,AI_max_0,3
4-409,AI_max_0,4
4-193,AI_max_0,4
2-70,AI_max_0,2
1-161,AI_max_0,1
3-24,AI_max_0,3
2-74,AI_max_0,2
0-145,AI_max_0,2
1-126,AI_max_0,1
0-346,AI_max_0,2
4-54,AI_max_0,4
1-245,AI_max_0,1
3-466,AI_max_0,3
0-347,AI_max_0,2
3-6,AI_max_0,3
1-299,AI_max_0,1
3-277,AI_max_0,3
0-314,AI_max_0,2
1-339,AI_max_0,1
3-37,AI_max_0,3
2-110,AI_max_0,2
1-64,AI_max_0,1
3-39,AI_max_0,3
2-131,AI_max_0,2
1-433,AI_max_0,1
2-126,AI_max_0,2
0-395,AI_max_0,2
4-189,AI_max_0,4
1-206,AI_max_0,1
3-408,AI_max_0,3
4-423,AI_max_0,4
4-465,AI_max_0,4
3-487,AI_max_0,3
3-261,AI_max_0,3
1-135,AI_max_0,1
2-314,AI_max_0,2
3-264,AI_max_0,3
2-419,AI_max_0,2
1-321,AI_max_0,1
4-213,AI_max_0,4
4-220,AI_max_0,4
4-389,AI_max_0,4
0-366,AI_max_0,2
2-259,AI_max_0,2
3-21,AI_max_0,3
2-72,AI_max_0,2
4-87,AI_max_0,4
3-317,AI_max_0,3
0-268,AI_max_0,2
0-13,AI_max_0,2
3-111,AI_max_0,3
1-351,AI_max_0,1
3-51,AI_max_0,3
4-385,AI_max_0,4
4-217,AI_max_0,4
2-150,AI_max_0,2
1-168,AI_max_0,1
1-152,AI_max_0,1
0-442,AI_max_0,2
1-288,AI_max_0,1
0-493,AI_max_0,2
0-307,AI_max_0,2
2-408,AI_max_0,2
1-132,AI_max_0,1
3-206,AI_max_0,3
0-286,AI_max_0,2
0-302,AI_max_0,2
0-94,AI_max_0,2
0-444,AI_max_0,2
4-152,AI_max_0,4
0-216,AI_max_0,2
4-318,AI_max_0,4
3-436,AI_max_0,3
4-190,AI_max_0,4
2-172,AI_max_0,2
0-226,AI_max_0,2
1-457,AI_max_0,1
0-272,AI_max_0,2
1-187,AI_max_0,1
1-350,AI_max_0,1
2-456,AI_max_0,2
2-490,AI_max_0,2
0-299,AI_max_0,2
4-404,AI_max_0,4
1-26,AI_max_0,1
1-70,AI_max_0,1
2-300,AI_max_0,2
1-372,AI_max_0,1
3-192,AI_max_0,3
4-333,AI_max_0,4
1-38,AI_max_0,1
1-423,AI_max_0,1
0-190,AI_max_0,2
4-490,AI_max_0,4
0-36,AI_max_0,2
0-179,AI_max_0,2
0-382,AI_max_0,2
3-234,AI_max_0,3
0-153,AI_max_0,2
3-498,AI_max_0,3
4-241,AI_max_0,4
0-219,AI_max_0,2
1-112,AI_max_0,1
2-161,AI_max_0,2
2-379,AI_max_0,2
1-150,AI_max_0,1
1-386,AI_max_0,1
1-465,AI_max_0,1
3-11,AI_max_0,3
3-177,AI_max_0,3
1-328,AI_max_0,1
2-60,AI_max_0,2
0-105,AI_max_0,2
0-81,AI_max_0,2
4-174,AI_max_0,4
0-225,AI_max_0,2
1-54,AI_max_0,1
3-180,AI_max_0,3
0-440,AI_max_0,2
3-127,AI_max_0,3
2-275,AI_max_0,2
4-172,AI_max_0,4
2-7,AI_max_0,2
2-418,AI_max_0,2
4-480,AI_max_0,4
1-79,AI_max_0,1
2-455,AI_max_0,2
2-160,AI_max_0,2
0-239,AI_max_0,2
0-441,AI_max_0,2
4-498,AI_max_0,4
3-358,AI_max_0,3
0-38,AI_max_0,2
3-5,AI_max_0,3
2-176,AI_max_0,2
0-445,AI_max_0,2
2-469,AI_max_0,2
1-246,AI_max_0,1
2-320,AI_max_0,2
4-68,AI_max_0,4
4-406,AI_max_0,4
2-372,AI_max_0,2
2-51,AI_max_0,2
1-489,AI_max_0,1
2-28,AI_max_0,2
0-104,AI_max_0,2
4-485,AI_max_0,4
0-103,AI_max_0,2
2-113,AI_max_0,2
0-344,AI_max_0,2
2-179,AI_max_0,2
2-478,AI_max_0,2
4-202,AI_max_0,4
2-491,AI_max_0,2
0-7,AI_max_0,2
2-251,AI_max_0,2
1-266,AI_max_0,1
3-266,AI_max_0,3
4-436,AI_max_0,4
2-99,AI_max_0,2
1-359,AI_max_0,1
3-340,AI_max_0,3
4-382,AI_max_0,4
1-143,AI_max_0,1
1-215,AI_max_0,1
2-246,AI_max_0,2
2-288,AI_max_0,2
3-187,AI_max_0,3
2-243,AI_max_0,2
4-489,AI_max_0,4
0-142,AI_max_0,2
3-438,AI_max_0,3
4-276,AI_max_0,4
2-104,AI_max_0,2
2-139,AI_max_0,2
4-64,AI_max_0,4
3-132,AI_max_0,3
4-50,AI_max_0,4
3-224,AI_max_0,3
4-312,AI_max_0,4
1-117,AI_max_0,1
0-158,AI_max_0,2
3-179,AI_max_0,3
4-14,AI_max_0,4
2-299,AI_max_0,2
1-431,AI_max_0,1
3-157,AI_max_0,3
4-374,AI_max_0,4
0-391,AI_max_0,2
2-200,AI_max_0,2
4-394,AI_max_0,4
2-212,AI_max_0,2
1-403,AI_max_0,1
3-388,AI_max_0,3
0-329,AI_max_0,2
4-473,AI_max_0,4
4-160,AI_max_0,4
1-250,AI_max_0,1
4-35,AI_max_0,4
1-181,AI_max_0,1
0-425,AI_max_0,2
0-374,AI_max_0,2
3-152,AI_max_0,3
1-278,AI_max_0,1
0-151,AI_max_0,2
4-400,AI_max_0,4
1-214,AI_max_0,1
0-30,AI_max_0,2
4-195,AI_max_0,4
0-15,AI_max_0,2
2-321,AI_max_0,2
1-100,AI_max_0,1
0-21,AI_max_0,2
3-314,AI_max_0,3
0-58,AI_max_0,2
2-302,AI_max_0,2
2-388,AI_max_0,2
4-198,AI_max_0,4
1-178,AI_max_0,1
1-108,AI_max_0,1
1-363,AI_max_0,1
1-296,AI_max_0,1
0-119,AI_max_0,2
0-422,AI_max_0,2
1-415,AI_max_0,1
2-303,AI_max_0,2
0-332,AI_max_0,2
1-9,AI_max_0,1
1-484,AI_max_0,1
2-350,AI_max_0,2
1-120,AI_max_0,1
1-113,AI_max_0,1
4-446,AI_max_0,4
1-400,AI_max_0,1
0-154,AI_max_0,2
2-434,AI_max_0,2
2-205,AI_max_0,2
4-120,AI_max_0,4
0-43,AI_max_0,2
4-471,AI_max_0,4
2-304,AI_max_0,2
4-148,AI_max_0,4
3-174,AI_max_0,3
1-142,AI_max_0,1
1-239,AI_max_0,1
2-68,AI_max_0,2
0-310,AI_max_0,2
1-253,AI_max_0,1
3-89,AI_max_0,3
1-193,AI_max_0,1
4-351,AI_max_0,4
4-438,AI_max_0,4
2-468,AI_max_0,2
3-456,AI_max_0,3
0-129,AI_max_0,2
3-429,AI_max_0,3
1-1,AI_max_0,1
2-258,AI_max_0,2
3-42,AI_max_0,3
3-47,AI_max_0,3
3-230,AI_max_0,3
3-138,AI_max_0,3
2-297,AI_max_0,2
4-413,AI_max_0,4
0-197,AI_max_0,2
4-177,AI_max_0,4
4-449,AI_max_0,4
1-220,AI_max_0,1
0-50,AI_max_0,2
3-305,AI_max_0,3
2-428,AI_max_0,2
4-482,AI_max_0,4
0-100,AI_max_0,2
0-294,AI_max_0,2
2-80,AI_max_0,2
2-194,AI_max_0,2
0-143,AI_max_0,2
0-165,AI_max_0,2
2-451,AI_max_0,2
0-356,AI_max_0,2
2-337,AI_max_0,2
1-8,AI_max_0,1
2-147,AI_max_0,2
0-421,AI_max_0,2
1-47,AI_max_0,1
0-275,AI_max_0,2
0-191,AI_max_0,2
3-193,AI_max_0,3
3-148,AI_max_0,3
1-371,AI_max_0,1
0-37,AI_max_0,2
1-196,AI_max_0,1
4-226,AI_max_0,4
2-90,AI_max_0,2
4-182,AI_max_0,4
2-384,AI_max_0,2
4-343,AI_max_0,4
1-208,AI_max_0,1
0-428,AI_max_0,2
1-478,AI_max_0,1
1-275,AI_max_0,1
1-109,AI_max_0,1
4-131,AI_max_0,4
0-319,AI_max_0,2
1-237,AI_max_0,1
3-336,AI_max_0,3
1-306,AI_max_0,1
2-253,AI_max_0,2
3-38,AI_max_0,3
3-240,AI_max_0,3
3-175,AI_max_0,3
1-283,AI_max_0,1
1-238,AI_max_0,1
1-67,AI_max_0,1
3-60,AI_max_0,3
3-88,AI_max_0,3
2-152,AI_max_0,2
2-454,AI_max_0,2
2-155,AI_max_0,2
2-464,AI_max_0,2
1-406,AI_max_0,1
3-258,AI_max_0,3
2-436,AI_max_0,2
0-85,AI_max_0,2
2-18,AI_max_0,2
3-279,AI_max_0,3
1-343,AI_max_0,1
3-153,AI_max_0,3
3-79,AI_max_0,3
1-185,AI_max_0,1
1-346,AI_max_0,1
4-59,AI_max_0,4
1-251,AI_max_0,1
3-36,AI_max_0,3
1-402,AI_max_0,1
2-87,AI_max_0,2
3-446,AI_max_0,3
2-441,AI_max_0,2
3-459,AI_max_0,3
4-20,AI_max_0,4
0-70,AI_max_0,2
0-250,AI_max_0,2
1-167,AI_max_0,1
1-452,AI_max_0,1
3-1,AI_max_0,3
4-429,AI_max_0,4
3-495,AI_max_0,3
1-491,AI_max_0,1
0-450,AI_max_0,2
1-2,AI_max_0,1
3-332,AI_max_0,3
1-222,AI_max_0,1
1-65,AI_max_0,1
0-448,AI_max_0,2
3-142,AI_max_0,3
0-185,AI_max_0,2
2-250,AI_max_0,2
1-421,AI_max_0,1
1-312,AI_max_0,1
1-329,AI_max_0,1
2-423,AI_max_0,2
4-337,AI_max_0,4
2-214,AI_max_0,2
0-170,AI_max_0,2
4-454,AI_max_0,4
3-170,AI_max_0,3
4-69,AI_max_0,4
1-136,AI_max_0,1
1-31,AI_max_0,1
2-443,AI_max_0,2
1-15,AI_max_0,1
1-198,AI_max_0,1
4-309,AI_max_0,4
2-461,AI_max_0,2
2-340,AI_max_0,2
0-39,AI_max_0,2
1-34,AI_max_0,1
1-259,AI_max_0,1
1-325,AI_max_0,1
0-184,AI_max_0,2
0-355,AI_max_0,2
2-358,AI_max_0,2
0-256,AI_max_0,2
4-29,AI_max_0,4
2-295,AI_max_0,2
0-468,AI_max_0,2
4-104,AI_max_0,4
1-21,AI_max_0,1
2-219,AI_max_0,2
1-282,AI_max_0,1
3-49,AI_max_0,3
4-257,AI_max_0,4
2-285,AI_max_0,2
0-454,AI_max_0,2
2-217,AI_max_0,2
4-205,AI_max_0,4
1-444,AI_max_0,1
2-406,AI_max_0,2
1-272,AI_max_0,1
3-90,AI_max_0,3
1-235,AI_max_0,1
3-409,AI_max_0,3
2-416,AI_max_0,2
1-330,AI_max_0,1
4-378,AI_max_0,4
3-190,AI_max_0,3
2-175,AI_max_0,2
0-175,AI_max_0,2
3-465,AI_max_0,3
0-363,AI_max_0,2
3-251,AI_max_0,3
4-119,AI_max_0,4
4-443,AI_max_0,4
1-367,AI_max_0,1
4-73,AI_max_0,4
0-220,AI_max_0,2
0-285,AI_max_0,2
2-121,AI_max_0,2
0-55,AI_max_0,2
4-103,AI_max_0,4
4-308,AI_max_0,4
2-191,AI_max_0,2
1-39,AI_max_0,1
3-112,AI_max_0,3
0-435,AI_max_0,2
1-205,AI_max_0,1
1-13,AI_max_0,1
4-422,AI_max_0,4
3-62,AI_max_0,3
0-45,AI_max_0,2
2-211,AI_max_0,2
1-247,AI_max_0,1
0-244,AI_max_0,2
2-453,AI_max_0,2
1-488,AI_max_0,1
0-73,AI_max_0,2
3-435,AI_max_0,3
1-219,AI_max_0,1
1-419,AI_max_0,1
2-471,AI_max_0,2
1-76,AI_max_0,1
2-480,AI_max_0,2
1-49,AI_max_0,1
2-333,AI_max_0,2
2-309,AI_max_0,2
1-485,AI_max_0,1
0-387,AI_max_0,2
0-405,AI_max_0,2
0-459,AI_max_0,2
2-59,AI_max_0,2
3-158,AI_max_0,3
2-319,AI_max_0,2
2-383,AI_max_0,2
1-436,AI_max_0,1
4-27,AI_max_0,4
1-57,AI_max_0,1
4-167,AI_max_0,4
0-447,AI_max_0,2
2-202,AI_max_0,2
2-499,AI_max_0,2
1-468,AI_max_0,1
2-140,AI_max_0,2
4-377,AI_max_0,4
3-18,AI_max_0,3
4-224,AI_max_0,4
1-248,AI_max_0,1
3-450,AI_max_0,3
4-79,AI_max_0,4
3-488,AI_max_0,3
2-63,AI_max_0,2
2-184,AI_max_0,2
1-229,AI_max_0,1
4-417,AI_max_0,4
4-316,AI_max_0,4
3-294,AI_max_0,3
0-463,AI_max_0,2
1-157,AI_max_0,1
0-305,AI_max_0,2
0-279,AI_max_0,2
3-426,AI_max_0,3
1-46,AI_max_0,1
3-394,AI_max_0,3
4-13,AI_max_0,4
0-199,AI_max_0,2
1-189,AI_max_0,1
3-63,AI_max_0,3
0-276,AI_max_0,2
1-98,AI_max_0,1
1-320,AI_max_0,1
3-98,AI_max_0,3
1-182,AI_max_0,1
1-404,AI_max_0,1
3-68,AI_max_0,3
3-473,AI_max_0,3
2-130,AI_max_0,2
1-58,AI_max_0,1
4-136,AI_max_0,4
2-156,AI_max_0,2
2-473,AI_max_0,2
2-153,AI_max_0,2
2-208,AI_max_0,2
4-130,AI_max_0,4
1-92,AI_max_0,1
4-125,AI_max_0,4
4-118,AI_max_0,4
4-289,AI_max_0,4
3-147,AI_max_0,3
4-411,AI_max_0,4
1-209,AI_max_0,1
2-112,AI_max_0,2
1-319,AI_max_0,1
3-128,AI_max_0,3
4-467,AI_max_0,4
4-275,AI_max_0,4
3-134,AI_max_0,3
2-332,AI_max_0,2
3-17,AI_max_0,3
4-135,AI_max_0,4
3-250,AI_max_0,3
0-263,AI_max_0,2
2-88,AI_max_0,2
0-60,AI_max_0,2
3-437,AI_max_0,3
2-233,AI_max_0,2
3-107,AI_max_0,3
0-379,AI_max_0,2
4-175,AI_max_0,4
4-254,AI_max_0,4
0-59,AI_max_0,2
2-477,AI_max_0,2
3-120,AI_max_0,3
3-129,AI_max_0,3
4-231,AI_max_0,4
1-139,AI_max_0,1
1-11,AI_max_0,1
1-440,AI_max_0,1
3-378,AI_max_0,3
4-392,AI_max_0,4
1-408,AI_max_0,1
3-149,AI_max_0,3
3-427,AI_max_0,3
0-482,AI_max_0,2
4-464,AI_max_0,4
4-416,AI_max_0,4
4-492,AI_max_0,4
0-362,AI_max_0,2
1-27,AI_max_0,1
2-73,AI_max_0,2
2-216,AI_max_0,2
3-48,AI_max_0,3
1-226,AI_max_0,1
0-437,AI_max_0,2
1-162,AI_max_0,1
4-432,AI_max_0,4
3-167,AI_max_0,3
3-365,AI_max_0,3
0-188,AI_max_0,2
4-95,AI_max_0,4
2-34,AI_max_0,2
3-379,AI_max_0,3
0-253,AI_max_0,2
3-303,AI_max_0,3
3-400,AI_max_0,3
4-352,AI_max_0,4
1-115,AI_max_0,1
1-41,AI_max_0,1
4-17,AI_max_0,4
4-412,AI_max_0,4
0-19,AI_max_0,2
3-52,AI_max_0,3
3-496,AI_max_0,3
4-344,AI_max_0,4
1-327,AI_max_0,1
1-401,AI_max_0,1
4-248,AI_max_0,4
1-40,AI_max_0,1
3-220,AI_max_0,3
3-133,AI_max_0,3
4-305,AI_max_0,4
0-267,AI_max_0,2
3-254,AI_max_0,3
3-483,AI_max_0,3
0-211,AI_max_0,2
4-133,AI_max_0,4
2-75,AI_max_0,2
2-400,AI_max_0,2
0-187,AI_max_0,2
3-417,AI_max_0,3
0-28,AI_max_0,2
3-401,AI_max_0,3
3-235,AI_max_0,3
3-57,AI_max_0,3
0-212,AI_max_0,2
3-263,AI_max_0,3
0-265,AI_max_0,2
2-385,AI_max_0,2
0-247,AI_max_0,2
2-100,AI_max_0,2
0-208,AI_max_0,2
3-87,AI_max_0,3
1-473,AI_max_0,1
4-51,AI_max_0,4
1-257,AI_max_0,1
3-330,AI_max_0,3
0-194,AI_max_0,2
4-282,AI_max_0,4
1-497,AI_max_0,1
1-383,AI_max_0,1
2-335,AI_max_0,2
2-61,AI_max_0,2
1-396,AI_max_0,1
1-324,AI_max_0,1
3-223,AI_max_0,3
0-262,AI_max_0,2
2-326,AI_max_0,2
1-122,AI_max_0,1
3-337,AI_max_0,3
0-159,AI_max_0,2
3-130,AI_max_0,3
0-223,AI_max_0,2
3-160,AI_max_0,3
4-265,AI_max_0,4
4-469,AI_max_0,4
0-360,AI_max_0,2
1-30,AI_max_0,1
4-403,AI_max_0,4
4-278,AI_max_0,4
4-22,AI_max_0,4
1-445,AI_max_0,1
0-150,AI_max_0,2
3-243,AI_max_0,3
2-424,AI_max_0,2
4-368,AI_max_0,4
4-158,AI_max_0,4
1-360,AI_max_0,1
4-123,AI_max_0,4
4-283,AI_max_0,4
1-218,AI_max_0,1
0-195,AI_max_0,2
4-236,AI_max_0,4
4-460,AI_max_0,4
3-114,AI_max_0,3
0-298,AI_max_0,2
1-353,AI_max_0,1
0-67,AI_max_0,2
0-164,AI_max_0,2
3-497,AI_max_0,3
3-396,AI_max_0,3
4-256,AI_max_0,4
3-159,AI_max_0,3
0-280,AI_max_0,2
0-101,AI_max_0,2
2-154,AI_max_0,2
1-230,AI_max_0,1
3-341,AI_max_0,3
3-284,AI_max_0,3
3-273,AI_max_0,3
1-416,AI_max_0,1
2-301,AI_max_0,2
3-392,AI_max_0,3
3-480,AI_max_0,3
4-11,AI_max_0,4
3-183,AI_max_0,3
3-441,AI_max_0,3
4-493,AI_max_0,4
1-311,AI_max_0,1
0-324,AI_max_0,2
0-27,AI_max_0,2
3-397,AI_max_0,3
1-96,AI_max_0,1
2-245,AI_max_0,2
3-166,AI_max_0,3
0-177,AI_max_0,2
2-19,AI_max_0,2
0-35,AI_max_0,2
2-66,AI_max_0,2
2-222,AI_max_0,2
0-455,AI_max_0,2
3-458,AI_max_0,3
1-35,AI_max_0,1
2-47,AI_max_0,2
1-479,AI_max_0,1
3-229,AI_max_0,3
1-380,AI_max_0,1
0-42,AI_max_0,2
0-203,AI_max_0,2
1-460,AI_max_0,1
1-422,AI_max_0,1
0-365,AI_max_0,2
1-454,AI_max_0,1
1-308,AI_max_0,1
4-39,AI_max_0,4
0-497,AI_max_0,2
2-247,AI_max_0,2
2-367,AI_max_0,2
0-222,AI_max_0,2
0-5,AI_max_0,2
4-180,AI_max_0,4
3-451,AI_max_0,3
1-397,AI_max_0,1
0-233,AI_max_0,2
3-92,AI_max_0,3
4-396,AI_max_0,4
1-224,AI_max_0,1
2-169,AI_max_0,2
1-340,AI_max_0,1
2-158,AI_max_0,2
1-121,AI_max_0,1
0-297,AI_max_0,2
3-357,AI_max_0,3
3-26,AI_max_0,3
2-306,AI_max_0,2
1-244,AI_max_0,1
2-234,AI_max_0,2
2-430,AI_max_0,2
1-314,AI_max_0,1
3-343,AI_max_0,3
4-311,AI_max_0,4
0-458,AI_max_0,2
0-198,AI_max_0,2
2-44,AI_max_0,2
0-290,AI_max_0,2
2-432,AI_max_0,2
4-461,AI_max_0,4
4-327,AI_max_0,4
4-0,AI_max_0,4
4-91,AI_max_0,4
2-330,AI_max_0,2
4-105,AI_max_0,4
1-405,AI_max_0,1
3-91,AI_max_0,3
4-176,AI_max_0,4
3-471,AI_max_0,3
4-1,AI_max_0,4
2-283,AI_max_0,2
2-180,AI_max_0,2
1-91,AI_max_0,1
0-496,AI_max_0,2
3-46,AI_max_0,3
2-178,AI_max_0,2
4-414,AI_max_0,4
1-221,AI_max_0,1
2-248,AI_max_0,2
0-398,AI_max_0,2
1-263,AI_max_0,1
2-213,AI_max_0,2
1-284,AI_max_0,1
3-285,AI_max_0,3
3-56,AI_max_0,3
1-37,AI_max_0,1
0-278,AI_max_0,2
3-77,AI_max_0,3
0-1,AI_max_0,2
4-320,AI_max_0,4
0-213,AI_max_0,2
3-463,AI_max_0,3
2-371,AI_max_0,2
4-353,AI_max_0,4
2-177,AI_max_0,2
2-433,AI_max_0,2
4-268,AI_max_0,4
2-338,AI_max_0,2
0-144,AI_max_0,2
4-360,AI_max_0,4
4-339,AI_max_0,4
3-301,AI_max_0,3
4-157,AI_max_0,4
3-275,AI_max_0,3
1-387,AI_max_0,1
1-358,AI_max_0,1
2-318,AI_max_0,2
3-214,AI_max_0,3
3-233,AI_max_0,3
1-16,AI_max_0,1
2-65,AI_max_0,2
3-43,AI_max_0,3
4-319,AI_max_0,4
1-381,AI_max_0,1
0-134,AI_max_0,2
4-40,AI_max_0,4
0-131,AI_max_0,2
0-431,AI_max_0,2
0-49,AI_max_0,2
1-498,AI_max_0,1
2-31,AI_max_0,2
0-69,AI_max_0,2
4-420,AI_max_0,4
0-481,AI_max_0,2
3-117,AI_max_0,3
3-156,AI_max_0,3
4-445,AI_max_0,4
3-65,AI_max_0,3
4-109,AI_max_0,4
3-231,AI_max_0,3
2-4,AI_max_0,2
0-289,AI_max_0,2
1-262,AI_max_0,1
0-388,AI_max_0,2
4-138,AI_max_0,4
1-129,AI_max_0,1
2-204,AI_max_0,2
0-317,AI_max_0,2
3-350,AI_max_0,3
4-113,AI_max_0,4
4-126,AI_max_0,4
4-447,AI_max_0,4
1-379,AI_max_0,1
1-164,AI_max_0,1
1-393,AI_max_0,1
0-148,AI_max_0,2
2-329,AI_max_0,2
0-452,AI_max_0,2
0-296,AI_max_0,2
0-200,AI_max_0,2
4-405,AI_max_0,4
2-378,AI_max_0,2
1-217,AI_max_0,1
2-357,AI_max_0,2
0-183,AI_max_0,2
3-453,AI_max_0,3
3-209,AI_max_0,3
3-221,AI_max_0,3
0-284,AI_max_0,2
4-101,AI_max_0,4
2-437,AI_max_0,2
0-123,AI_max_0,2
1-458,AI_max_0,1
1-190,AI_max_0,1
0-207,AI_max_0,2
4-384,AI_max_0,4
4-474,AI_max_0,4
1-364,AI_max_0,1
2-354,AI_max_0,2
0-89,AI_max_0,2
2-403,AI_max_0,2
2-334,AI_max_0,2
1-252,AI_max_0,1
2-474,AI_max_0,2
4-468,AI_max_0,4
3-164,AI_max_0,3
0-4,AI_max_0,2
0-20,AI_max_0,2
2-167,AI_max_0,2
4-141,AI_max_0,4
4-266,AI_max_0,4
1-298,AI_max_0,1
1-377,AI_max_0,1
3-291,AI_max_0,3
3-339,AI_max_0,3
4-273,AI_max_0,4
1-155,AI_max_0,1
3-349,AI_max_0,3
2-190,AI_max_0,2
0-348,AI_max_0,2
0-22,AI_max_0,2
0-52,AI_max_0,2
1-18,AI_max_0,1
4-418,AI_max_0,4
3-468,AI_max_0,3
4-279,AI_max_0,4
4-47,AI_max_0,4
0-31,AI_max_0,2
2-116,AI_max_0,2
4-84,AI_max_0,4
0-443,AI_max_0,2
3-461,AI_max_0,3
2-315,AI_max_0,2
2-236,AI_max_0,2
0-149,AI_max_0,2
3-201,AI_max_0,3
4-258,AI_max_0,4
1-174,AI_max_0,1
3-286,AI_max_0,3
3-475,AI_max_0,3
1-495,AI_max_0,1
4-159,AI_max_0,4
1-354,AI_max_0,1
4-140,AI_max_0,4
3-44,AI_max_0,3
1-493,AI_max_0,1
2-201,AI_max_0,2
3-176,AI_max_0,3
0-169,AI_max_0,2
2-390,AI_max_0,2
4-330,AI_max_0,4
4-439,AI_max_0,4
0-98,AI_max_0,2
3-381,AI_max_0,3
3-430,AI_max_0,3
2-95,AI_max_0,2
1-446,AI_max_0,1
0-251,AI_max_0,2
2-348,AI_max_0,2
3-242,AI_max_0,3
4-181,AI_max_0,4
3-386,AI_max_0,3
1-29,AI_max_0,1
2-115,AI_max_0,2
1-368,AI_max_0,1
4-358,AI_max_0,4
3-66,AI_max_0,3
4-297,AI_max_0,4
2-356,AI_max_0,2
1-95,AI_max_0,1
1-61,AI_max_0,1
1-154,AI_max_0,1
1-103,AI_max_0,1
0-178,AI_max_0,2
4-280,AI_max_0,4
1-146,AI_max_0,1
1-374,AI_max_0,1
4-179,AI_max_0,4
3-86,AI_max_0,3
4-150,AI_max_0,4
0-472,AI_max_0,2
0-403,AI_max_0,2
4-62,AI_max_0,4
0-407,AI_max_0,2
4-376,AI_max_0,4
1-464,AI_max_0,1
3-194,AI_max_0,3
0-120,AI_max_0,2
1-389,AI_max_0,1
4-70,AI_max_0,4
1-111,AI_max_0,1
2-276,AI_max_0,2
0-282,AI_max_0,2
1-300,AI_max_0,1
3-375,AI_max_0,3
1-409,AI_max_0,1
4-67,AI_max_0,4
2-220,AI_max_0,2
3-414,AI_max_0,3
1-33,AI_max_0,1
4-250,AI_max_0,4
4-98,AI_max_0,4
0-439,AI_max_0,2
1-3,AI_max_0,1
4-277,AI_max_0,4
0-424,AI_max_0,2
1-77,AI_max_0,1
4-431,AI_max_0,4
2-157,AI_max_0,2
3-293,AI_max_0,3
4-424,AI_max_0,4
4-53,AI_max_0,4
3-118,AI_max_0,3
1-269,AI_max_0,1
2-203,AI_max_0,2
1-212,AI_max_0,1
3-7,AI_max_0,3
0-473,AI_max_0,2
1-322,AI_max_0,1
3-2,AI_max_0,3
1-295,AI_max_0,1
3-173,AI_max_0,3
4-197,AI_max_0,4
3-319,AI_max_0,3
2-393,AI_max_0,2
1-391,AI_max_0,1
4-229,AI_max_0,4
1-105,AI_max_0,1
1-207,AI_max_0,1
4-234,AI_max_0,4
4-450,AI_max_0,4
3-354,AI_max_0,3
3-143,AI_max_0,3
2-226,AI_max_0,2
4-30,AI_max_0,4
4-168,AI_max_0,4
4-452,AI_max_0,4
1-407,AI_max_0,1
1-14,AI_max_0,1
3-141,AI_max_0,3
3-207,AI_max_0,3
4-484,AI_max_0,4
2-286,AI_max_0,2
1-97,AI_max_0,1
4-137,AI_max_0,4
4-115,AI_max_0,4
0-88,AI_max_0,2
1-148,AI_max_0,1
1-199,AI_max_0,1
4-346,AI_max_0,4
1-87,AI_max_0,1
0-224,AI_max_0,2
3-108,AI_max_0,3
2-267,AI_max_0,2
4-264,AI_max_0,4
1-191,AI_max_0,1
0-34,AI_max_0,2
1-373,AI_max_0,1
2-364,AI_max_0,2
4-153,AI_max_0,4
4-185,AI_max_0,4
2-93,AI_max_0,2
2-296,AI_max_0,2
2-496,AI_max_0,2
2-462,AI_max_0,2
3-204,AI_max_0,3
4-32,AI_max_0,4
3-348,AI_max_0,3
1-285,AI_max_0,1
4-442,AI_max_0,4
2-389,AI_max_0,2
1-472,AI_max_0,1
2-316,AI_max_0,2
1-304,AI_max_0,1
2-311,AI_max_0,2
3-67,AI_max_0,3
2-42,AI_max_0,2
4-146,AI_max_0,4
1-310,AI_max_0,1
1-290,AI_max_0,1
2-138,AI_max_0,2
3-389,AI_max_0,3
2-355,AI_max_0,2
0-475,AI_max_0,2
1-159,AI_max_0,1
1-342,AI_max_0,1
3-271,AI_max_0,3
4-75,AI_max_0,4
2-413,AI_max_0,2
2-41,AI_max_0,2
4-48,AI_max_0,4
4-262,AI_max_0,4
1-384,AI_max_0,1
3-287,AI_max_0,3
4-260,AI_max_0,4
0-48,AI_max_0,2
4-336,AI_max_0,4
1-293,AI_max_0,1
3-249,AI_max_0,3
3-276,AI_max_0,3
4-96,AI_max_0,4
0-427,AI_max_0,2
3-364,AI_max_0,3
0-241,AI_max_0,2
4-74,AI_max_0,4
4-194,AI_max_0,4
3-309,AI_max_0,3
3-433,AI_max_0,3
4-129,AI_max_0,4
1-481,AI_max_0,1
0-78,AI_max_0,2
0-415,AI_max_0,2
2-83,AI_max_0,2
0-342,AI_max_0,2
2-102,AI_max_0,2
0-248,AI_max_0,2
4-218,AI_max_0,4
4-462,AI_max_0,4
3-265,AI_max_0,3
4-2,AI_max_0,4
0-64,AI_max_0,2
1-334,AI_max_0,1
0-176,AI_max_0,2
0-393,AI_max_0,2
4-151,AI_max_0,4
3-322,AI_max_0,3
4-425,AI_max_0,4
4-210,AI_max_0,4
1-307,AI_max_0,1
1-74,AI_max_0,1
1-45,AI_max_0,1
4-410,AI_max_0,4
0-343,AI_max_0,2
4-206,AI_max_0,4
4-89,AI_max_0,4
0-364,AI_max_0,2
3-76,AI_max_0,3
0-451,AI_max_0,2
4-237,AI_max_0,4
0-167,AI_max_0,2
1-356,AI_max_0,1
4-10,AI_max_0,4
0-487,AI_max_0,2
2-145,AI_max_0,2
2-439,AI_max_0,2
2-282,AI_max_0,2
2-228,AI_max_0,2
4-401,AI_max_0,4
3-189,AI_max_0,3
2-129,AI_max_0,2
3-346,AI_max_0,3
2-136,AI_max_0,2
4-99,AI_max_0,4
4-326,AI_max_0,4
1-483,AI_max_0,1
2-494,AI_max_0,2
2-223,AI_max_0,2
4-124,AI_max_0,4
3-352,AI_max_0,3
2-94,AI_max_0,2
4-170,AI_max_0,4
2-261,AI_max_0,2
4-294,AI_max_0,4
0-328,AI_max_0,2
3-269,AI_max_0,3
3-380,AI_max_0,3
1-352,AI_max_0,1
2-182,AI_max_0,2
